The Black Lagoon
10
10

06 06 06 06 06 06 06 06 06 06
06 50 50 50 50 50 50 50 50 06
06 50 50 50 50 50 50 50 50 06
06 50 50 50 50 50 50 50 50 06
06 50 50 50 50 50 50 50 50 06
06 50 50 50 50 50 50 50 50 06
06 50 50 50 50 50 50 50 50 06
06 50 50 50 50 50 50 50 50 06
06 50 50 50 50 50 50 50 50 06
06 06 06 06 06 06 06 06 06 06

1 1 1 1 1 1 1 1 1 1
1 0 0 0 0 0 0 0 0 1
1 0 0 0 0 0 0 0 0 1
1 0 0 0 0 0 0 0 0 1
1 0 0 0 0 0 0 0 0 1
1 0 0 0 0 0 0 0 0 1
1 0 0 0 0 0 0 0 0 1
1 0 0 0 0 0 0 0 0 1
1 0 0 0 0 0 0 0 0 1
1 1 1 1 1 1 1 1 1 1